     1l_rouge1  1l_rouge2  1l_rougeL  1r_rouge1  1r_rouge2  1r_rougeL  \
0     0.129032   0.000000   0.096774   0.129032   0.000000   0.096774   
1     0.095238   0.000000   0.095238   0.095238   0.000000   0.095238   
2     0.171429   0.029412   0.142857   0.171429   0.029412   0.142857   
3     0.076923   0.000000   0.076923   0.076923   0.000000   0.076923   
4     0.100000   0.000000   0.100000   0.100000   0.000000   0.100000   
..         ...        ...        ...        ...        ...        ...   
893   0.163265   0.000000   0.081633   0.163265   0.000000   0.081633   
894   0.054054   0.000000   0.054054   0.054054   0.000000   0.054054   
895   0.188235   0.000000   0.117647   0.188235   0.000000   0.117647   
896   0.218182   0.037736   0.109091   0.218182   0.037736   0.109091   
897   0.123077   0.000000   0.092308   0.123077   0.000000   0.092308   

     2l_rouge1  2l_rouge2  2l_rougeL  2r_rouge1  ...  cr_rougeL  ml_rouge1  \
0     0.129032   0.000000   0.096774   0.129032  ...   0.096774   0.129032   
1     0.095238   0.000000   0.095238   0.095238  ...   0.095238   0.095238   
2     0.171429   0.029412   0.142857   0.171429  ...   0.142857   0.171429   
3     0.076923   0.000000   0.076923   0.076923  ...   0.076923   0.076923   
4     0.100000   0.000000   0.100000   0.100000  ...   0.100000   0.100000   
..         ...        ...        ...        ...  ...        ...        ...   
893   0.163265   0.000000   0.081633   0.163265  ...   0.081633   0.163265   
894   0.054054   0.000000   0.054054   0.054054  ...   0.054054   0.054054   
895   0.188235   0.000000   0.117647   0.188235  ...   0.117647   0.188235   
896   0.218182   0.037736   0.109091   0.218182  ...   0.109091   0.218182   
897   0.123077   0.000000   0.092308   0.123077  ...   0.092308   0.123077   

     ml_rouge2  ml_rougeL  mr_rouge1  mr_rouge2  mr_rougeL  mc_rouge1  \
0     0.000000   0.096774   0.129032   0.000000   0.096774   0.129032   
1     0.000000   0.095238   0.095238   0.000000   0.095238   0.095238   
2     0.029412   0.142857   0.171429   0.029412   0.142857   0.171429   
3     0.000000   0.076923   0.076923   0.000000   0.076923   0.076923   
4     0.000000   0.100000   0.100000   0.000000   0.100000   0.100000   
..         ...        ...        ...        ...        ...        ...   
893   0.000000   0.081633   0.163265   0.000000   0.081633   0.163265   
894   0.000000   0.054054   0.054054   0.000000   0.054054   0.054054   
895   0.000000   0.117647   0.188235   0.000000   0.117647   0.188235   
896   0.037736   0.109091   0.218182   0.037736   0.109091   0.218182   
897   0.000000   0.092308   0.123077   0.000000   0.092308   0.123077   

     mc_rouge2  mc_rougeL  
0     0.000000   0.096774  
1     0.000000   0.095238  
2     0.029412   0.142857  
3     0.000000   0.076923  
4     0.000000   0.100000  
..         ...        ...  
893   0.000000   0.081633  
894   0.000000   0.054054  
895   0.000000   0.117647  
896   0.037736   0.109091  
897   0.000000   0.092308  

[898 rows x 27 columns]